10001100000011000000000000111000
10001100000010110000000000110000
10001100000010100000000000101000
10001100000100010000000000000000
10001100000100000000000000000100
10001100000011110000000000001000
00000010001010101001000000011000
00000010000010111001100000011000
00000010010100111001100000100000
00000001111011001001000000011000
00000010010100111001100000100000
10101100000100110000000001000000
10001100000100010000000000001100
10001100000100000000000000010000
10001100000011110000000000010100
00000010001010101001000000011000
00000010000010111001100000011000
00000010010100111001100000100000
00000001111011001001000000011000
00000010010100111001100000100000
10101100000100110000000001001000
10001100000100010000000000011000
10001100000100000000000000011100
10001100000011110000000000100000
00000010001010101001000000011000
00000010000010111001100000011000
00000010010100111001100000100000
00000001111011001001000000011000
00000010010100111001100000100000
10101100000100110000000001010000