10001100000000110000000000110100
10001100000000100000000000101100
10001100000000010000000000100100
10001100000001100000000000000000
10001100000001010000000000000100
10001100000001000000000000001000
00000000101000100100000000011000
00000000011001000011100000011000
00000000111010000100000000100000
00000000001001100011100000011000
00000000111010000100100000100000
10101100000010010000000000111100
10001100000001100000000000001100
10001100000001010000000000010000
10001100000001000000000000010100
00000000101000100100000000011000
00000000011001000011100000011000
00000000111010000100000000100000
00000000001001100011100000011000
00000000111010000100100000100000
10101100000010010000000001000100
10001100000001100000000000011000
10001100000001010000000000011100
10001100000001000000000000100000
00000000101000100100000000011000
00000000011001000011100000011000
00000000111010000100000000100000
00000000001001100011100000011000
00000000111010000100100000100000
10101100000010010000000001001100